%YAML:1.0
---
K: !!opencv-matrix
   rows: 3
   cols: 3
   dt: d
   data: [ 1.4890152852770711e+03, 0., 9.7028917582833412e+02, 0.,
       1.4878097084798683e+03, 5.4085898123944798e+02, 0., 0., 1. ]
D: !!opencv-matrix
   rows: 1
   cols: 5
   dt: d
   data: [ 1.9227651240490101e-01, -4.5870463690603053e-01,
       1.7294125789269407e-03, 1.5888468628364695e-03,
       2.6025303847240544e-01 ]
